lambdaBi1=0.161929260040194
lambdaBi2=0.838070739959806
lambdaTri1=0.103632578176748
lambdaTri2=0.290389414142372
lambdaTri3=0.605978007680879
